#FIG 3.2
Landscape
Center
Inches
Letter  
100.00
Single
-2
1200 2
6 2700 5400 7875 7725
2 1 0 1 0 7 50 0 -1 0.000 0 0 -1 0 0 2
	 2796 7242 2847 7383
2 1 0 1 0 7 50 0 -1 0.000 0 0 -1 0 0 2
	 2866 7217 2917 7358
2 1 0 1 0 7 50 0 -1 0.000 0 0 -1 0 0 2
	 2936 7192 2988 7333
2 1 0 1 0 7 50 0 -1 0.000 0 0 -1 0 0 2
	 3007 7167 3059 7307
2 1 0 1 0 7 50 0 -1 0.000 0 0 -1 0 0 2
	 3078 7141 3155 7351
2 1 0 1 0 7 50 0 -1 0.000 0 0 -1 0 0 2
	 3148 7115 3200 7256
2 1 0 1 0 7 50 0 -1 0.000 0 0 -1 0 0 2
	 3219 7090 3269 7231
2 1 0 1 0 7 50 0 -1 0.000 0 0 -1 0 0 3
	 3289 7064 3315 7134 3341 7205
2 1 0 1 0 7 50 0 -1 0.000 0 0 -1 0 0 2
	 3360 7037 3411 7179
2 1 0 1 0 7 50 0 -1 0.000 0 0 -1 0 0 2
	 3431 7011 3507 7223
2 1 0 1 0 7 50 0 -1 0.000 0 0 -1 0 0 3
	 3500 6986 3526 7056 3552 7127
2 1 0 1 0 7 50 0 -1 0.000 0 0 -1 0 0 3
	 3570 6961 3597 7031 3622 7101
2 1 0 1 0 7 50 0 -1 0.000 0 0 -1 0 0 3
	 3641 6935 3666 7005 3692 7076
2 1 0 1 0 7 50 0 -1 0.000 0 0 -1 0 0 3
	 3712 6909 3738 6979 3763 7050
2 1 0 1 0 7 50 0 -1 0.000 0 0 -1 0 0 4
	 3782 6883 3808 6954 3834 7024 3859 7095
2 1 0 1 0 7 50 0 -1 0.000 0 0 -1 0 0 3
	 3853 6858 3878 6928 3904 6999
2 1 0 1 0 7 50 0 -1 0.000 0 0 -1 0 0 3
	 3923 6832 3949 6903 3975 6973
2 1 0 1 0 7 50 0 -1 0.000 0 0 -1 0 0 3
	 3994 6806 4019 6877 4045 6947
2 1 0 1 0 7 50 0 -1 0.000 0 0 -1 0 0 3
	 4064 6781 4090 6851 4116 6922
2 1 0 1 0 7 50 0 -1 0.000 0 0 -1 0 0 4
	 4134 6755 4159 6826 4187 6895 4212 6967
2 1 0 1 0 7 50 0 -1 0.000 0 0 -1 0 0 3
	 4205 6729 4232 6800 4257 6870
2 1 0 1 0 7 50 0 -1 0.000 0 0 -1 0 0 3
	 4277 6703 4302 6774 4328 6844
2 1 0 1 0 7 50 0 -1 0.000 0 0 -1 0 0 3
	 4347 6678 4373 6748 4398 6819
2 1 0 1 0 7 50 0 -1 0.000 0 0 -1 0 0 3
	 4417 6652 4442 6723 4468 6793
2 1 0 1 0 7 50 0 -1 0.000 0 0 -1 0 0 4
	 4487 6627 4513 6697 4539 6769 4564 6838
2 1 0 1 0 7 50 0 -1 0.000 0 0 -1 0 0 3
	 4558 6601 4583 6672 4609 6743
2 1 0 1 0 7 50 0 -1 0.000 0 0 -1 0 0 3
	 4627 6576 4653 6646 4678 6717
2 1 0 1 0 7 50 0 -1 0.000 0 0 -1 0 0 3
	 4699 6550 4724 6620 4750 6690
2 1 0 1 0 7 50 0 -1 0.000 0 0 -1 0 0 3
	 4769 6524 4795 6595 4820 6665
2 1 0 1 0 7 50 0 -1 0.000 0 0 -1 0 0 4
	 4840 6499 4865 6569 4891 6640 4916 6710
2 1 0 1 0 7 50 0 -1 0.000 0 0 -1 0 0 3
	 4910 6473 4936 6543 4961 6614
2 1 0 1 0 7 50 0 -1 0.000 0 0 -1 0 0 3
	 4980 6447 5006 6519 5032 6588
2 1 0 1 0 7 50 0 -1 0.000 0 0 -1 0 0 3
	 5050 6422 5076 6492 5102 6564
2 1 0 1 0 7 50 0 -1 0.000 0 0 -1 0 0 3
	 5120 6397 5145 6467 5173 6538
2 1 0 1 0 7 50 0 -1 0.000 0 0 -1 0 0 2
	 5191 6371 5269 6582
2 1 0 1 0 7 50 0 -1 0.000 0 0 -1 0 0 2
	 5262 6346 5314 6487
2 1 0 1 0 7 50 0 -1 0.000 0 0 -1 0 0 2
	 5333 6320 5385 6461
2 1 0 1 0 7 50 0 -1 0.000 0 0 -1 0 0 2
	 5404 6294 5455 6435
2 1 0 1 0 7 50 0 -1 0.000 0 0 -1 0 0 2
	 5475 6267 5525 6410
2 1 0 1 0 7 50 0 -1 0.000 0 0 -1 0 0 2
	 5545 6242 5621 6453
2 1 0 1 0 7 50 0 -1 0.000 0 0 -1 0 0 2
	 5615 6216 5666 6357
2 1 0 1 0 7 50 0 -1 0.000 0 0 -1 0 0 2
	 5685 6191 5737 6332
2 1 0 1 0 7 50 0 -1 0.000 0 0 -1 0 0 3
	 5756 6165 5781 6236 5807 6306
2 1 0 1 0 7 50 0 -1 0.000 0 0 -1 0 0 2
	 5826 6139 5878 6280
2 1 0 1 0 7 50 0 -1 0.000 0 0 -1 0 0 2
	 5897 6114 5974 6325
2 1 0 1 0 7 50 0 -1 0.000 0 0 -1 0 0 3
	 5967 6088 5993 6159 6018 6229
2 1 0 1 0 7 50 0 -1 0.000 0 0 -1 0 0 3
	 6038 6063 6063 6133 6089 6203
2 1 0 1 0 7 50 0 -1 0.000 0 0 -1 0 0 3
	 6107 6037 6134 6107 6159 6178
2 1 0 1 0 7 50 0 -1 0.000 0 0 -1 0 0 3
	 6179 6011 6204 6082 6229 6152
2 1 0 1 0 7 50 0 -1 0.000 0 0 -1 0 0 4
	 6249 5986 6275 6056 6302 6126 6327 6197
2 1 0 1 0 7 50 0 -1 0.000 0 0 -1 0 0 3
	 6320 5960 6346 6030 6372 6101
2 1 0 1 0 7 50 0 -1 0.000 0 0 -1 0 0 3
	 6391 5934 6417 6004 6442 6075
2 1 0 1 0 7 50 0 -1 0.000 0 0 -1 0 0 3
	 6461 5908 6487 5979 6513 6049
2 1 0 1 0 7 50 0 -1 0.000 0 0 -1 0 0 3
	 6531 5883 6557 5953 6582 6024
2 1 0 1 0 7 50 0 -1 0.000 0 0 -1 0 0 4
	 6601 5857 6627 5928 6653 5998 6678 6069
2 1 0 1 0 7 50 0 -1 0.000 0 0 -1 0 0 3
	 6672 5832 6697 5902 6722 5973
2 1 0 1 0 7 50 0 -1 0.000 0 0 -1 0 0 3
	 6742 5806 6768 5876 6794 5947
2 1 0 1 0 7 50 0 -1 0.000 0 0 -1 0 0 3
	 6813 5780 6839 5851 6864 5921
2 1 0 1 0 7 50 0 -1 0.000 0 0 -1 0 0 3
	 6883 5755 6909 5825 6935 5896
2 1 0 1 0 7 50 0 -1 0.000 0 0 -1 0 0 4
	 6954 5729 6979 5800 7005 5870 7031 5940
2 1 0 1 0 7 50 0 -1 0.000 0 0 -1 0 0 3
	 7024 5703 7050 5774 7076 5844
2 1 0 1 0 7 50 0 -1 0.000 0 0 -1 0 0 3
	 7095 5678 7120 5748 7146 5819
2 1 0 1 0 7 50 0 -1 0.000 0 0 -1 0 0 3
	 7163 5653 7189 5723 7215 5794
2 1 0 1 0 7 50 0 -1 0.000 0 0 -1 0 0 3
	 7235 5627 7260 5697 7286 5769
2 1 0 1 0 7 50 0 -1 0.000 0 0 -1 0 0 4
	 7305 5601 7332 5672 7357 5743 7383 5812
2 1 0 1 0 7 50 0 -1 0.000 0 0 -1 0 0 3
	 7377 5576 7403 5647 7428 5717
2 1 0 1 0 7 50 0 -1 0.000 0 0 -1 0 0 3
	 7448 5550 7473 5621 7499 5691
2 1 0 1 0 7 50 0 -1 0.000 0 0 -1 0 0 3
	 7518 5525 7544 5595 7570 5667
2 1 0 1 0 7 50 0 -1 0.000 0 0 -1 0 0 3
	 7589 5498 7614 5570 7640 5640
2 1 0 1 0 7 50 0 -1 0.000 0 0 -1 0 0 2
	 7659 5473 7735 5684
2 1 0 1 0 31 57 0 20 0.000 0 0 7 0 0 5
	 2725 7268 2878 7691 7813 5895 7659 5473 2725 7268
-6
6 2700 6225 8025 6750
2 1 0 1 0 11 51 0 20 0.000 0 0 -1 0 0 5
	 2739 6278 2738 6728 7989 6728 7989 6278 2739 6278
2 1 0 1 0 7 50 0 -1 0.000 0 0 -1 0 0 2
	 2814 6278 2814 6428
2 1 0 1 0 7 50 0 -1 0.000 0 0 -1 0 0 2
	 2889 6278 2889 6428
2 1 0 1 0 7 50 0 -1 0.000 0 0 -1 0 0 2
	 2963 6279 2964 6429
2 1 0 1 0 7 50 0 -1 0.000 0 0 -1 0 0 2
	 3038 6279 3039 6429
2 1 0 1 0 7 50 0 -1 0.000 0 0 -1 0 0 2
	 3114 6279 3114 6503
2 1 0 1 0 7 50 0 -1 0.000 0 0 -1 0 0 2
	 3189 6279 3189 6429
2 1 0 1 0 7 50 0 -1 0.000 0 0 -1 0 0 2
	 3264 6279 3263 6429
2 1 0 1 0 7 50 0 -1 0.000 0 0 -1 0 0 3
	 3339 6279 3339 6354 3339 6429
2 1 0 1 0 7 50 0 -1 0.000 0 0 -1 0 0 2
	 3415 6278 3414 6429
2 1 0 1 0 7 50 0 -1 0.000 0 0 -1 0 0 2
	 3490 6278 3489 6503
2 1 0 1 0 7 50 0 -1 0.000 0 0 -1 0 0 3
	 3564 6278 3564 6353 3564 6428
2 1 0 1 0 7 50 0 -1 0.000 0 0 -1 0 0 3
	 3638 6278 3639 6353 3639 6428
2 1 0 1 0 7 50 0 -1 0.000 0 0 -1 0 0 3
	 3714 6278 3713 6353 3713 6428
2 1 0 1 0 7 50 0 -1 0.000 0 0 -1 0 0 3
	 3789 6278 3789 6353 3789 6428
2 1 0 1 0 7 50 0 -1 0.000 0 0 -1 0 0 4
	 3864 6278 3864 6353 3864 6428 3864 6503
2 1 0 1 0 7 50 0 -1 0.000 0 0 -1 0 0 3
	 3939 6278 3939 6353 3939 6428
2 1 0 1 0 7 50 0 -1 0.000 0 0 -1 0 0 3
	 4014 6278 4014 6353 4014 6428
2 1 0 1 0 7 50 0 -1 0.000 0 0 -1 0 0 3
	 4089 6278 4089 6353 4089 6428
2 1 0 1 0 7 50 0 -1 0.000 0 0 -1 0 0 3
	 4164 6278 4164 6353 4164 6428
2 1 0 1 0 7 50 0 -1 0.000 0 0 -1 0 0 4
	 4238 6278 4238 6353 4240 6427 4239 6503
2 1 0 1 0 7 50 0 -1 0.000 0 0 -1 0 0 3
	 4314 6278 4315 6353 4315 6428
2 1 0 1 0 7 50 0 -1 0.000 0 0 -1 0 0 3
	 4390 6278 4390 6353 4390 6428
2 1 0 1 0 7 50 0 -1 0.000 0 0 -1 0 0 3
	 4465 6278 4465 6353 4465 6428
2 1 0 1 0 7 50 0 -1 0.000 0 0 -1 0 0 3
	 4539 6278 4539 6353 4539 6428
2 1 0 1 0 7 50 0 -1 0.000 0 0 -1 0 0 4
	 4614 6278 4614 6353 4614 6429 4614 6503
2 1 0 1 0 7 50 0 -1 0.000 0 0 -1 0 0 3
	 4689 6278 4689 6353 4689 6429
2 1 0 1 0 7 50 0 -1 0.000 0 0 -1 0 0 3
	 4763 6278 4763 6353 4763 6428
2 1 0 1 0 7 50 0 -1 0.000 0 0 -1 0 0 3
	 4839 6278 4839 6353 4839 6427
2 1 0 1 0 7 50 0 -1 0.000 0 0 -1 0 0 3
	 4914 6278 4914 6353 4914 6428
2 1 0 1 0 7 50 0 -1 0.000 0 0 -1 0 0 4
	 4989 6278 4989 6353 4989 6428 4989 6503
2 1 0 1 0 7 50 0 -1 0.000 0 0 -1 0 0 3
	 5064 6278 5064 6353 5064 6428
2 1 0 1 0 7 50 0 -1 0.000 0 0 -1 0 0 3
	 5139 6278 5139 6354 5139 6428
2 1 0 1 0 7 50 0 -1 0.000 0 0 -1 0 0 3
	 5213 6278 5213 6353 5213 6429
2 1 0 1 0 7 50 0 -1 0.000 0 0 -1 0 0 3
	 5287 6278 5287 6353 5289 6429
2 1 0 1 0 7 50 0 -1 0.000 0 0 -1 0 0 2
	 5363 6278 5364 6503
2 1 0 1 0 7 50 0 -1 0.000 0 0 -1 0 0 2
	 5438 6279 5439 6429
2 1 0 1 0 7 50 0 -1 0.000 0 0 -1 0 0 2
	 5514 6279 5514 6429
2 1 0 1 0 7 50 0 -1 0.000 0 0 -1 0 0 2
	 5589 6279 5589 6429
2 1 0 1 0 7 50 0 -1 0.000 0 0 -1 0 0 2
	 5665 6278 5664 6429
2 1 0 1 0 7 50 0 -1 0.000 0 0 -1 0 0 2
	 5740 6278 5739 6503
2 1 0 1 0 7 50 0 -1 0.000 0 0 -1 0 0 2
	 5814 6278 5814 6428
2 1 0 1 0 7 50 0 -1 0.000 0 0 -1 0 0 2
	 5889 6278 5889 6428
2 1 0 1 0 7 50 0 -1 0.000 0 0 -1 0 0 3
	 5964 6278 5964 6353 5964 6428
2 1 0 1 0 7 50 0 -1 0.000 0 0 -1 0 0 2
	 6039 6278 6039 6428
2 1 0 1 0 7 50 0 -1 0.000 0 0 -1 0 0 2
	 6114 6278 6114 6503
2 1 0 1 0 7 50 0 -1 0.000 0 0 -1 0 0 3
	 6189 6278 6189 6353 6189 6428
2 1 0 1 0 7 50 0 -1 0.000 0 0 -1 0 0 3
	 6264 6278 6264 6353 6264 6428
2 1 0 1 0 7 50 0 -1 0.000 0 0 -1 0 0 3
	 6338 6278 6339 6353 6339 6428
2 1 0 1 0 7 50 0 -1 0.000 0 0 -1 0 0 3
	 6414 6278 6414 6353 6413 6428
2 1 0 1 0 7 50 0 -1 0.000 0 0 -1 0 0 4
	 6489 6278 6489 6353 6491 6428 6490 6503
2 1 0 1 0 7 50 0 -1 0.000 0 0 -1 0 0 3
	 6564 6278 6565 6353 6565 6428
2 1 0 1 0 7 50 0 -1 0.000 0 0 -1 0 0 3
	 6640 6278 6640 6353 6640 6428
2 1 0 1 0 7 50 0 -1 0.000 0 0 -1 0 0 3
	 6715 6278 6715 6353 6715 6428
2 1 0 1 0 7 50 0 -1 0.000 0 0 -1 0 0 3
	 6789 6278 6789 6353 6789 6428
2 1 0 1 0 7 50 0 -1 0.000 0 0 -1 0 0 4
	 6864 6278 6864 6353 6864 6428 6864 6503
2 1 0 1 0 7 50 0 -1 0.000 0 0 -1 0 0 3
	 6939 6278 6938 6353 6938 6428
2 1 0 1 0 7 50 0 -1 0.000 0 0 -1 0 0 3
	 7014 6278 7014 6353 7014 6428
2 1 0 1 0 7 50 0 -1 0.000 0 0 -1 0 0 3
	 7089 6278 7089 6353 7089 6428
2 1 0 1 0 7 50 0 -1 0.000 0 0 -1 0 0 3
	 7164 6278 7164 6353 7164 6428
2 1 0 1 0 7 50 0 -1 0.000 0 0 -1 0 0 4
	 7239 6278 7239 6353 7239 6428 7239 6503
2 1 0 1 0 7 50 0 -1 0.000 0 0 -1 0 0 3
	 7314 6278 7314 6353 7314 6428
2 1 0 1 0 7 50 0 -1 0.000 0 0 -1 0 0 3
	 7389 6278 7389 6353 7389 6428
2 1 0 1 0 7 50 0 -1 0.000 0 0 -1 0 0 3
	 7462 6278 7462 6353 7462 6428
2 1 0 1 0 7 50 0 -1 0.000 0 0 -1 0 0 3
	 7538 6278 7538 6353 7538 6429
2 1 0 1 0 7 50 0 -1 0.000 0 0 -1 0 0 4
	 7613 6278 7614 6354 7613 6429 7614 6503
2 1 0 1 0 7 50 0 -1 0.000 0 0 -1 0 0 3
	 7689 6279 7689 6354 7689 6429
2 1 0 1 0 7 50 0 -1 0.000 0 0 -1 0 0 3
	 7764 6279 7764 6354 7764 6429
2 1 0 1 0 7 50 0 -1 0.000 0 0 -1 0 0 3
	 7839 6279 7839 6354 7839 6430
2 1 0 1 0 7 50 0 -1 0.000 0 0 -1 0 0 3
	 7915 6278 7914 6354 7914 6429
2 1 0 1 0 7 50 0 -1 0.000 0 0 -1 0 0 2
	 7989 6278 7988 6503
-6
